0.990000
0.980000
0.970000
0.962000
0.950000
0.942000
0.934000
0.924000
0.922000
0.908000
0.900000
0.890000
0.878000
0.870000
0.862000
0.854000
0.842000
0.830000
0.832000
0.812000
0.812000
0.818000
0.796000
0.780000
0.786000
0.770000
0.758000
0.758000
0.742000
0.746000
0.732000
0.722000
0.704000
0.692000
0.694000
0.690000
0.700000
0.692000
0.688000
0.660000
0.670000
0.636000
0.654000
0.618000
0.630000
0.610000
0.614000
0.636000
0.614000
0.620000
0.596000
0.610000
0.572000
0.582000
0.580000
0.580000
0.556000
0.564000
0.570000
0.556000
0.546000
0.534000
0.538000
0.516000
0.514000
0.492000
0.512000
0.534000
0.506000
0.498000
0.500000
0.488000
0.486000
0.476000
0.450000
0.450000
0.484000
0.458000
0.462000
0.442000
0.456000
0.450000
0.400000
0.446000
0.446000
0.448000
0.408000
0.410000
0.414000
0.396000
0.394000
0.406000
0.408000
0.394000
0.360000
0.386000
0.376000
0.362000
0.386000
