0.988984
0.982119
0.967033
0.962767
0.950688
0.945055
0.928571
0.915870
0.913343
0.914835
0.890724
0.884924
0.878256
0.887363
0.854044
0.849018
0.834944
0.829487
0.833169
0.813642
0.807659
0.812675
0.785830
0.779617
0.782496
0.773236
0.760333
0.755495
0.746324
0.749314
0.726564
0.708471
0.720772
0.687541
0.683874
0.705393
0.687966
0.687856
0.680385
0.656640
0.668518
0.649244
0.665838
0.627109
0.608732
0.619825
0.588925
0.633372
0.621485
0.618132
0.607650
0.611356
0.570272
0.559671
0.585010
0.579778
0.564052
0.547200
0.568399
0.547456
0.528928
0.532967
0.537530
0.508295
0.508182
0.469780
0.512972
0.517104
0.498632
0.505493
0.488503
0.476064
0.474130
0.496214
0.446881
0.455936
0.471728
0.462223
0.442308
0.450278
0.450549
0.459520
0.403292
0.455936
0.438358
0.446881
0.417382
0.413700
0.396149
0.408221
0.385594
0.403283
0.399522
0.388610
0.353163
0.394576
0.361884
0.356479
0.379272
